2.000000000000000111e-01     -1.807614330756993765e-02     1.974493082397517536e-03     -3.243227649672263124e-02     -3.720010118417244483e-03
2.200000000000000011e-01     -4.444682140991936155e-03     1.472324812170725103e-03     -1.773791349226076786e-02     8.848549210276895546e-03
2.419999999999999929e-01     -3.179426143116508615e-03     1.028919676155510806e-04     -1.117674949899012671e-02     4.817897212757109478e-03
2.661999999999999922e-01     -1.796439304015092116e-03     5.863903078331276694e-05     -7.067672590081326353e-03     3.474793982051142989e-03
2.928199999999999692e-01     1.093419964641955885e-02     6.388077659435987404e-03     7.142434651333805923e-03     1.472596464150531352e-02
3.221019999999999439e-01     6.406000152584287455e-02     6.751886017661391792e-02     6.095122463010930330e-02     6.716877842157645273e-02
3.543121999999999661e-01     7.494377607105363881e-02     7.426074796658627131e-02     7.231915355237175658e-02     7.756839858973550716e-02
3.897434199999999516e-01     7.057975622730242038e-02     6.824535330617038931e-02     6.812188136322552823e-02     7.303763109137932641e-02
4.008794849986079822e-01     5.891605781988661777e-02     6.567115901992823246e-02     4.892255009132014110e-02     6.890956554845309445e-02
4.037635100705403990e-01     7.403799959820750454e-02     6.527561484143766524e-02     6.414851838331736555e-02     8.392748081309764352e-02
4.066682835242853011e-01     5.397097249242581440e-02     6.481295697862314575e-02     4.418325911487910873e-02     6.375868586997253395e-02
4.095939546287765687e-01     4.767496543175023943e-02     6.429272573395618251e-02     3.798674242574000270e-02     5.736318843776048310e-02
4.125406737268253465e-01     6.209609661392753721e-02     6.380337022268392499e-02     5.250447579937903009e-02     7.168771742847604433e-02
4.155085922428456979e-01     5.494562621038635158e-02     6.334478957817554767e-02     4.544780164322710647e-02     6.444345077754559670e-02
4.184978626906359356e-01     5.563980920921540729e-02     6.291617242930019893e-02     4.623306627182915268e-02     6.504655214660165496e-02
4.215086386812160746e-01     6.556902549116530587e-02     6.297051030881975486e-02     5.624735250194239089e-02     7.489069848038822086e-02
4.245410749307212406e-01     4.963942253690239309e-02     6.346939359776256062e-02     4.039723756385547870e-02     5.888160750994930054e-02
4.275953272683523099e-01     6.168897052487779670e-02     6.387127733983737066e-02     5.252480757238035119e-02     7.085313347737524914e-02
4.306715526443836151e-01     6.082481295651468584e-02     6.402761441557722200e-02     5.182074725046945801e-02     6.982887866255992060e-02
4.337699091382281047e-01     6.370038139900334462e-02     6.355546047639050455e-02     5.512613647515377663e-02     7.227462632285290567e-02
4.368905559665606786e-01     6.857523727625329524e-02     6.306948677972613881e-02     6.038716533880540693e-02     7.676330921370118354e-02
4.400336534914999764e-01     5.907049162566327394e-02     6.254357268730847963e-02     5.123170575634839602e-02     6.690927749497815880e-02
4.431993632288488971e-01     5.747756241785958314e-02     6.190377122986806535e-02     4.995694880775976982e-02     6.499817602795938953e-02
4.463878478563945706e-01     4.412655787211130359e-02     6.145227357198036755e-02     3.689535787937139183e-02     5.135775786485121536e-02
4.495992712222678933e-01     6.150189246399627441e-02     6.105713758052738749e-02     5.453578346856417097e-02     6.846800145942838478e-02
4.528337983533633482e-01     6.639879606089164887e-02     6.067309818026560969e-02     5.967670955707306962e-02     7.312088256471022119e-02
4.560915954638192216e-01     5.917519358408514923e-02     6.028509002745612022e-02     5.267866434988924956e-02     6.567172281828104197e-02
4.593728299635589374e-01     6.201484114292431932e-02     5.991602525513996941e-02     5.572736422177451687e-02     6.830231806407412176e-02
4.626776704668938978e-01     5.813155550322410964e-02     5.956823888449877535e-02     5.203836826613335992e-02     6.422474274031485242e-02
4.660062868011881076e-01     6.343118532189054304e-02     5.918199895013346451e-02     5.751938838419279332e-02     6.934298225958827888e-02
4.693588500155851384e-01     5.875903856859098634e-02     5.876319966404462691e-02     5.301703989984692111e-02     6.450103723733505157e-02
4.727355323897979855e-01     6.284273853223069917e-02     5.836565449578999532e-02     5.725975096542205989e-02     6.842572609903932457e-02
4.761365074429619870e-01     6.266902828661498337e-02     5.798009457435625985e-02     5.723531506572223509e-02     6.810274150750773858e-02
4.795619499425516352e-01     5.369078721523522224e-02     5.752458940847038349e-02     4.839794446042294113e-02     5.898362997004749642e-02
4.830120359133613372e-01     5.552593268682332744e-02     5.704020097260885380e-02     5.036605629808094814e-02     6.068580907556570675e-02
4.864869426465510127e-01     5.599438230338007333e-02     5.650560882881253133e-02     5.092166519702581717e-02     6.106709940973432948e-02
4.899868487087564173e-01     4.491471490803619626e-02     5.610433942354052517e-02     3.987390591974186715e-02     4.995552389633052537e-02
4.935119339512654690e-01     5.306841394295390424e-02     5.573392949518918282e-02     4.805851841693324633e-02     5.807830946897456215e-02
4.970623795192601890e-01     5.479636502498952400e-02     5.534946522179548523e-02     4.981662603913460802e-02     5.977610401084443997e-02
5.006383678611253663e-01     5.236841146626138033e-02     5.488862992296710680e-02     4.741838921847274513e-02     5.731843371405002246e-02
5.042400827378240580e-01     6.268773038870974201e-02     5.387150331384762958e-02     5.776928885893742316e-02     6.760617191848207475e-02
5.078677092323408138e-01     5.648804344839234576e-02     5.367623823807423505e-02     5.159646375948759300e-02     6.137962313729709851e-02
5.115214337591922344e-01     5.401613849608210421e-02     5.367863185374247004e-02     4.914979783770454663e-02     5.888247915445966874e-02
5.152014440740065870e-01     5.603605579947377319e-02     5.340981255846752318e-02     5.119551165686902355e-02     6.087659994207851588e-02
5.189079292831720869e-01     5.428469275696268942e-02     5.299110811995978026e-02     4.946986859826526389e-02     5.909951691566011495e-02
5.226410798535545688e-01     4.778600505628716189e-02     5.244552613091695015e-02     4.299677537684661044e-02     5.257523473572771333e-02
5.264010876222852131e-01     5.131449778244927956e-02     5.192514837640269110e-02     4.655010386911543480e-02     5.607889169578311739e-02
5.301881458066182162e-01     4.855804124908918301e-02     5.156044895468432643e-02     4.381702352766269487e-02     5.329905897051566421e-02
5.340024490138600699e-01     5.099933233463714577e-02     5.125216733888001558e-02     4.628077250179373631e-02     5.571789216748054829e-02
5.378441932513698953e-01     6.013760721600988624e-02     5.088915838819714488e-02     5.544110454650458264e-02     6.483410988551518983e-02
5.417135759366314973e-01     4.950868916270825121e-02     5.021967082607977501e-02     4.483498136751334212e-02     5.418239695790316723e-02
5.456107959073985825e-01     5.626622869240182484e-02     4.982517472833233180e-02     5.161345367333269180e-02     6.091900371147095095e-02
5.495360534319122525e-01     4.427949237551153522e-02     4.966299329667493018e-02     3.964594198276032155e-02     4.891304276826275582e-02
5.534895502191922168e-01     4.839087530394237113e-02     4.945711269908477370e-02     4.375418066248067117e-02     5.302756994540407803e-02
5.574714894294022782e-01     4.657736839964637943e-02     4.920263867550688647e-02     4.193409687087309989e-02     5.122063992841966590e-02
5.614820756842900940e-01     5.549543652153121620e-02     4.891324909076965460e-02     5.084493828023918527e-02     6.014593476282324713e-02
5.655215150777022082e-01     5.839195390262394425e-02     4.862112421859292322e-02     5.373351185200845453e-02     6.305039595323942703e-02
5.695900151861749139e-01     4.477387518474373190e-02     4.786125573985151871e-02     4.010879741681563915e-02     4.943895295267182466e-02
5.736877850796006095e-01     4.706134594064087517e-02     4.778595857330104196e-02     4.238582723111517653e-02     5.173686465016658076e-02
5.778150353319718713e-01     3.955127335674425704e-02     4.793734797992886543e-02     3.486359770363356425e-02     4.423894900985494982e-02
5.819719780322019087e-01     4.582271131858901836e-02     4.794705585559503463e-02     4.112276221577430141e-02     5.052266042140373531e-02
5.861588267950235132e-01     4.343820042184686619e-02     4.744325486397724806e-02     3.872736443561910352e-02     4.814903640807462193e-02
5.903757967719661659e-01     4.669654612604979410e-02     4.433973440546178091e-02     4.198518381134176691e-02     5.140790844075782823e-02
5.946231046624119720e-01     3.636231373866394279e-02     4.518777921191163144e-02     3.163261374485210053e-02     4.109201373247579198e-02
5.989009687247315306e-01     4.104507772397333193e-02     4.626995137814168130e-02     3.629530490448568819e-02     4.579485054346096873e-02
6.032096087874994073e-01     5.175443594364835531e-02     4.726208130007709951e-02     4.698414229278475435e-02     5.652472959451195628e-02
6.075492462607907651e-01     4.070194278730188825e-02     4.729561076206542647e-02     3.591436595861915992e-02     4.548951961598461657e-02
6.119201041475590408e-01     4.496953953383009406e-02     4.720450283505839284e-02     4.016443582477174923e-02     4.977464324288843889e-02
6.163224070550954448e-01     4.340750057331545925e-02     4.713183978795323220e-02     3.858389955153031931e-02     4.823110159510059919e-02
6.207563812065709508e-01     5.224361470565019178e-02     4.708966335443492274e-02     4.740048330139119692e-02     5.708674610990918663e-02
6.252222544526614412e-01     5.297295590921936859e-02     4.695624127751407695e-02     4.810931430976186224e-02     5.783659750867688187e-02
6.297202562832561190e-01     4.594372349021940555e-02     4.663175047645537474e-02     4.104840794896531114e-02     5.083903903147349301e-02
6.342506178392507410e-01     4.050503135546155292e-02     4.677401115809098897e-02     3.557469045648194161e-02     4.543537225444116423e-02
6.388135719244252275e-01     4.125095437833302403e-02     4.695653966342480667e-02     3.628412530314595319e-02     4.621778345352010181e-02
6.434093530174067599e-01     4.514079447855572080e-02     4.688422735032695549e-02     4.013709603409473803e-02     5.014449292301670358e-02
6.480381972837190308e-01     4.084697765517016077e-02     4.480702929640869442e-02     3.581336351030936505e-02     4.588059180003095650e-02
6.527003425879184251e-01     4.012576478717637396e-02     4.542054470845677261e-02     3.504933603254443975e-02     4.520219354180830817e-02
6.573960285058171316e-01     4.063379311380505704e-02     4.596807019851079090e-02     3.551323447002777828e-02     4.575435175758233580e-02
6.621254963367941837e-01     4.274357308430351554e-02     4.698054053240691141e-02     3.757528096670051387e-02     4.791186520190651721e-02
6.668889891161955408e-01     4.495926114852036998e-02     4.714898847071239546e-02     3.974508501871679145e-02     5.017343727832394851e-02
6.716867516278228756e-01     5.280638037820072073e-02     4.719035832212245540e-02     4.754524528664007960e-02     5.806751546976136186e-02
6.765190304165122903e-01     5.466667650087300018e-02     4.716234397595699124e-02     4.935705681791862504e-02     5.997629618382737532e-02
6.813860738008037377e-01     4.889898950612504847e-02     4.708709690188553343e-02     4.353920197297344447e-02     5.425877703927664553e-02
6.862881318857015911e-01     3.902096917781548019e-02     4.692413294510223293e-02     3.360943222327517077e-02     4.443250613235579655e-02
6.912254565755268088e-01     5.479849937221450279e-02     4.555146959348718022e-02     4.933810727433884935e-02     6.025889147009016317e-02
6.961983015868615787e-01     3.676624559258982045e-02     4.325802634806395069e-02     3.125877786480966980e-02     4.227371332036997803e-02
7.012069224615872232e-01     4.120214468090743765e-02     4.293316766502571630e-02     3.563729985896763736e-02     4.676698950284723100e-02
7.062515765800159162e-01     4.429045865948397914e-02     4.465645045178020384e-02     3.865733466471733132e-02     4.992358265425062003e-02
7.113325231741167709e-01     4.661473874908953624e-02     4.568507454485714464e-02     4.091371615756986962e-02     5.231576134060920286e-02
7.164500233408370722e-01     4.544734022193972628e-02     3.891704477077088248e-02     3.969873003518518267e-02     5.119595040869426295e-02
7.216043400555193221e-01     2.401578025053890258e-02     3.632011616414079769e-02     1.817209659587381773e-02     2.985946390520398397e-02
7.267957381854150967e-01     2.325604592991177555e-02     3.500519902984497445e-02     1.730584364841976017e-02     2.920624821140379093e-02
7.320244845032958247e-01     3.699774185977375979e-02     3.957346444367537686e-02     3.090931775922441116e-02     4.308616596032311535e-02
7.372908477011612671e-01     5.019268269603829186e-02     4.379631099449840526e-02     4.396083795020252344e-02     5.642452744187406721e-02
7.425950984040473601e-01     5.476396867056399637e-02     4.646967889185553424e-02     4.838789360288839325e-02     6.114004373823960642e-02
7.479375091839326473e-01     5.410464020121095313e-02     4.697795740900723854e-02     4.758534084459783292e-02     6.062393955782408028e-02
7.533183545737450748e-01     4.287268139453814797e-02     4.703269678243363755e-02     3.620339003953887413e-02     4.954197274953742181e-02
7.587379110814698180e-01     4.209058163277116377e-02     4.677938729482615521e-02     3.526313777226278839e-02     4.891802549327953914e-02
7.641964572043581372e-01     3.871383407648661817e-02     4.670821856561357260e-02     3.171679722982328337e-02     4.571087092314995298e-02
7.696942734432383748e-01     4.960021009730119362e-02     4.704211447838387017e-02     4.242040385141311598e-02     5.678001634318926433e-02
7.752316423169307580e-01     3.860251566501880088e-02     4.699236236312594184e-02     3.122906964529278961e-02     4.597596168474481215e-02
7.808088483767647858e-01     5.089275195617972564e-02     4.609191386665105472e-02     4.331526676050997254e-02     5.847023715184947873e-02
7.864261782212019769e-01     2.685850289414655478e-02     4.518425506975689426e-02     1.906168246823638016e-02     3.465532332005672594e-02
7.920839205105630887e-01     4.812996930673045515e-02     4.438520519812393095e-02     4.009628174612115542e-02     5.616365686733976181e-02
7.977823659818621405e-01     4.410176923715845854e-02     4.436812708081977474e-02     3.580829267772391022e-02     5.239524579659300685e-02
8.035218074637460184e-01     3.738792486605613946e-02     4.415637124770323274e-02     2.881409546976407970e-02     4.596175426234819922e-02
8.093025398915427715e-01     6.011847824554399783e-02     4.407253459545815155e-02     5.159845743607012480e-02     6.863849905501787085e-02
8.151248603224171552e-01     2.432617410411604814e-02     3.529817304930894795e-02     1.592435088797658840e-02     3.272799732025551134e-02
8.312328767123287054e-01     5.999122274214314932e-02     3.927786496170427438e-02     4.462129975610870658e-02     7.536114572817757817e-02
8.426196284481139998e-01     5.514678247817702411e-02     4.507766103371885907e-02     4.035847876349785840e-02     6.993508619285619676e-02
8.541623630843895310e-01     6.097720630860041513e-02     4.621600785686781621e-02     4.671302315137870753e-02     7.524138946582212273e-02
8.658632173732168091e-01     5.291573977945340790e-02     4.535843053781470763e-02     3.912418335374233391e-02     6.670729620516448188e-02
8.777243573372335295e-01     4.109804339442400117e-02     4.626973598640942570e-02     2.773041240321717782e-02     5.446567438563083147e-02
8.897479786706202765e-01     4.184134415514173533e-02     4.447704682146771255e-02     2.885898679395832583e-02     5.482370151632515176e-02
9.019363071455602787e-01     2.732161359924308031e-02     3.334161936692684597e-02     1.469774456232686259e-02     3.994548263615930322e-02
9.142915990242665991e-01     3.164258196978982779e-02     3.076339677648947876e-02     1.933608686628097290e-02     4.394907707329868962e-02
9.268161414766538098e-01     1.609724306932155957e-02     2.803411156856496986e-02     4.081979333471588353e-03     2.811250680517153253e-02
9.395122530037313124e-01     8.191751365450639089e-03     1.158790101857859467e-02     -3.543106620895428681e-03     1.992660935179670426e-02
9.523822838667961310e-01     8.743469980931593572e-04     1.555827532596195002e-02     -1.062417429422716011e-02     1.237286829041347840e-02
9.654286165225056671e-01     1.007487242041015668e-02     2.646115383654728051e-02     -1.215441545238110568e-03     2.136518638605842610e-02
9.786536660639097995e-01     4.977523811425826894e-02     3.537419524830563017e-02     3.867536447961653773e-02     6.087511174890000015e-02
9.920598806675250403e-01     4.146497692651399114e-02     4.501936116279187106e-02     3.053686970408704682e-02     5.239308414894094240e-02
1.005649742046532236e+00     6.515657723713735860e-02     4.577397449624898140e-02     5.439299897527512945e-02     7.592015549899958082e-02
1.019425765910183301e+00     3.471735617134499852e-02     4.635756090952659197e-02     2.410395866676995347e-02     4.533075367592004357e-02
1.033390502429500923e+00     4.595632282854717615e-02     4.308421055460922439e-02     3.548196122116036716e-02     5.643068443593398514e-02
1.047546536709357046e+00     4.057196122264299099e-02     3.862744749523653459e-02     3.022546558264983113e-02     5.091845686263615778e-02
1.061896489267019517e+00     2.292964805800230127e-02     4.208317528248314843e-02     1.266725065028495231e-02     3.319204546571964676e-02
1.076443016517252715e+00     3.650108073173500417e-02     4.459805712535885175e-02     2.614795203020326211e-02     4.685420943326674276e-02
1.091188811264064418e+00     4.424031676786342043e-02     4.141696328253436504e-02     3.379698572781779375e-02     5.468364780790905405e-02
1.106136603199188606e+00     2.573789501350109282e-02     2.961108876625795014e-02     1.520799067692092318e-02     3.626779935008126593e-02
1.121289159407396596e+00     1.454878020759415962e-02     7.892348143659192600e-03     3.937671914487472086e-03     2.515988850070084715e-02
1.136649284878730848e+00     1.325495314295324981e-02     9.978676748944918795e-03     2.537726840045092646e-03     2.397217944586140653e-02
1.152219823027754497e+00     2.388629841680914995e-02     1.368599557154706776e-02     1.305720838655938937e-02     3.471538844705891053e-02
1.168003656219915420e+00     3.526988766454226126e-02     3.155916342126401791e-02     2.431389242937745040e-02     4.622588289970706171e-02
1.184003706305119641e+00     2.190948417812795326e-02     3.516968904662275131e-02     1.083408735785622475e-02     3.298488099839968352e-02
1.200222935158614446e+00     1.370941874593206017e-02     2.587405048807841015e-02     2.521519941562521804e-03     2.489731755030160157e-02
1.216664345229280464e+00     1.899139431594871596e-03     1.257704546847588679e-02     -9.402620583262402340e-03     1.320089944645214640e-02
1.233330980095435070e+00     3.199367198389527212e-02     2.536256606590399712e-02     2.045975774448967680e-02     4.352758622330086397e-02
1.250225925028249252e+00     6.590826590800324958e-02     4.369082730035275114e-02     5.410743061815508070e-02     7.770910119785141845e-02
1.267352307562882752e+00     5.200255860082678150e-02     4.338350685563044373e-02     3.994242384020918468e-02     6.406269336144436444e-02
1.284713298077442722e+00     3.254137325851459012e-02     3.827056916568651740e-02     2.021748930462709953e-02     4.486525721240208764e-02
1.302312110379873378e+00     3.147471501034398988e-02     3.362267206552432136e-02     1.887726419412206688e-02     4.407216582656590942e-02
1.320152002302885430e+00     2.410849376942522312e-02     1.559822574921737245e-02     1.123877411826744097e-02     3.697821342058300875e-02
1.338236276307034567e+00     -9.240783941788995341e-04     1.005359595660221782e-02     -1.408389894604219691e-02     1.223574215768439936e-02
1.356568280092062428e+00     -2.452030739098838997e-03     3.780668550398607816e-04     -1.590918766748254318e-02     1.100512618928486432e-02
1.375151407216611332e+00     5.695137803133205195e-03     1.034298679610817936e-04     -8.076509565337394031e-03     1.946678517160380442e-02
1.393989097726427984e+00     -3.455193236038908537e-03     1.753349889627245643e-04     -1.755083614084290700e-02     1.064044966876508992e-02
1.413084838791173636e+00     1.462108615666992198e-02     8.235731347768961022e-04     1.836944350347143409e-04     2.905847787830512924e-02
1.432442165349956831e+00     -2.009743728571561361e-02     5.921474118260464711e-04     -3.489684123847166392e-02     -5.298033332959563302e-03
1.452064660765709725e+00     1.241580218861842305e-02     2.780382451476450488e-03     -2.758814007666952201e-03     2.759041838490379484e-02
1.471955957488527700e+00     -1.433979362708860152e-02     4.674218363396832540e-03     -2.990363376772345663e-02     1.224046513546255335e-03
1.492119737728096585e+00     1.839207594119576447e-02     1.172221961642453195e-02     2.419897231552115002e-03     3.436425465083941394e-02
1.512559734135330736e+00     5.134889115183462888e-02     3.132414125352577655e-02     3.494247492951217671e-02     6.775530737415708105e-02
1.533279730493348980e+00     4.006337124927200101e-03     5.884327883906100183e-03     -1.282884534640202356e-02     2.084151959625642203e-02
1.554283562417915432e+00     5.132929179279034637e-02     3.331524422912519878e-02     3.400573466984840865e-02     6.865284891573229797e-02
1.575575118067475966e+00     5.289632620895316772e-03     2.175021364566466064e-03     -1.251919856380861833e-02     2.309846380559925014e-02
1.597158338862920912e+00     -1.168522345376607485e-02     9.685676794391190683e-03     -3.004702954301126383e-02     6.676582635479114125e-03
1.619037220217207418e+00     -1.522284509893142733e-03     5.526655397239266763e-03     -2.048904511231557785e-02     1.744447609252929021e-02
1.641215812274977370e+00     3.466344501438849840e-02     6.700475229446400255e-03     1.497627117861487916e-02     5.435061885016212457e-02
1.663698220662305882e+00     5.300440087103950454e-02     1.907297519072941733e-02     3.247351314856562754e-02     7.353528859351338154e-02
1.686488607246721116e+00     2.973794379381382649e-02     3.868272671945422597e-02     8.196007553425312467e-03     5.127988003420234225e-02
1.709591190907635117e+00     3.584202094330873715e-03     3.789525971719650416e-02     -1.918361822864608421e-02     2.635202241730783337e-02
1.733010248317328639e+00     4.960096272073629547e-02     3.881449017974154120e-02     2.530039126558361259e-02     7.390153417588898876e-02
1.756750114732634538e+00     4.921677829252992659e-02     3.230824867942029555e-02     2.297048597959832142e-02     7.546307060546153522e-02
1.780815184797465145e+00     5.054082682136189913e-02     2.119943543545557002e-02     2.180005741109179024e-02     7.928159623163201497e-02
1.805209913356334628e+00     6.259943136224822846e-02     4.025928756500121893e-03     3.065930335962990805e-02     9.453955936486653500e-02
1.829938816279024216e+00     1.681208318460950674e-02     1.703741647010788036e-04     -1.923059102367887310e-02     5.285475739289789004e-02
1.855006471296545056e+00     2.045106385558612128e-02     3.541887776960368458e-05     -2.081176412033050593e-02     6.171389183150274849e-02
1.880417518848552572e+00     5.457154379689961414e-03     1.353228368706151643e-05     -4.238677685996430217e-02     5.330108561934422673e-02
1.906176662942368427e+00     5.597598712839180896e-02     4.723945115314655865e-05     -1.029961826835256973e-04     1.120549704394671470e-01
1.932288672023770637e+00     -9.211461318995178837e-02     1.373222844378142824e-04     -1.583824160464116504e-01     -2.584681033349192636e-02
1.958758379859712795e+00     5.920761567109759926e-02     6.827756560889230491e-07     -1.955237019867779591e-02     1.379676015408729806e-01
1.985590686433133412e+00     2.281538358195745689e-03     1.588874942959477178e-05     -9.168668497898370406e-02     9.624976169537519111e-02
2.012790558850025668e+00     -2.677285153178933508e-02     1.856484221439126891e-07     -1.391442183775554176e-01     8.559851531397674740e-02
2.040363032258930343e+00     1.956794369183901539e-01     1.208325141646222159e-06     6.113066523643881367e-02     3.302282086003414663e-01
2.068313210783025102e+00     3.092908309225760391e-02     7.776275387365971341e-07     -1.302040466022685583e-01     1.920622127867837869e-01
2.096646268464984253e+00     2.101992415319562518e-02     8.851072282597798871e-04     -1.718554247904310606e-01     2.138952730968223248e-01
2.125367450224778576e+00     3.988489431667771035e-01     1.318113284556311597e-02     1.681622401979692982e-01     6.295356461355849920e-01
2.154482072830597339e+00     1.344496465159306375e-01     1.039217965268386147e-02     -1.410922758802709009e-01     4.099915689121321760e-01
2.183995525883071220e+00     1.872661953875781327e-01     2.586249614090696883e-02     -1.415037511639198331e-01     5.160361419390760984e-01
2.213913272812976452e+00     5.719430117607645636e-01     3.651878183673894912e-02     1.802459138216251366e-01     9.636401096999038796e-01
2.244240851892606248e+00     3.066199959735854685e-01     3.968074107628068864e-02     -1.591735488904900131e-01     7.724135408376610057e-01
2.274983877260998266e+00     -1.035234615508862088e+00     3.986862794133282789e-02     -1.588160727034273023e+00     -4.823085039834507648e-01
2.306148039963203722e+00     -1.392731601959417365e+00     3.784343312595687264e-02     -2.047897593035637342e+00     -7.375656108831977198e-01
2.337739109003795335e+00     -5.053095789147605821e-01     2.826561269278953653e-02     -1.280023110019585353e+00     2.694039521900641332e-01
2.369762932414806400e+00     -2.246303568843583190e-02     2.451593467646833238e-02     -9.368161468611621023e-01     8.918900754842904455e-01
2.402225438338296826e+00     7.022628392090403127e-01     1.936273030468928930e-02     -3.748636556605978720e-01     1.779389334078678386e+00
2.435132636123753080e+00     -1.232273123938701254e+00     1.464618729753295462e-02     -2.500617250485022591e+00     3.607100260762005628e-02
2.468490617440517010e+00     3.816094009164837098e-01     8.806179406788133476e-03     -1.109311720226714204e+00     1.872530522059681513e+00
2.502305557405455794e+00     -4.923084671818743485e-02     9.379504560313556933e-04     -1.798518449519274309e+00     1.700056756082899190e+00
2.536583715726078658e+00     9.726081250669690315e-01     4.056499483752073234e-05     -1.076012428195863180e+00     3.021228678329801465e+00
2.571331437859312619e+00     5.272310458404160904e+00     4.047619931765682624e-06     2.877572146884043391e+00     7.667048769924279306e+00
2.606555156186152633e+00     5.570116660328819691e+00     2.225332517025226131e-06     2.775923378239444794e+00     8.364309942418195476e+00
2.642261391202401111e+00     -2.122629094001932337e+00     1.436347215789997113e-06     -5.376947501212312908e+00     1.131689313208448233e+00
2.678456752725721479e+00     5.962626099768107757e+00     5.733294470139229404e-09     2.178389448958876429e+00     9.746862750577339085e+00
2.715147941119224306e+00     1.038999474919232391e+00     2.866234088213060911e-09     -3.353529761796012920e+00     5.431528711634476814e+00
2.752341748531816457e+00     1.970333769118516098e+00     4.201017899096051017e-09     -3.119140786361727535e+00     7.059808324598759732e+00
2.790045060155539769e+00     2.047848635574716081e+00     6.094717362984259249e-09     -3.840139783990105915e+00     7.935837055139538521e+00
2.828264855500136399e+00     1.092984287923558784e-01     1.098498253592550433e-08     -6.690479534739626644e+00     6.909076392324338123e+00
2.867008209685069975e+00     -7.858552334195711531e+00     2.217982880468999950e-06     -1.569753703372328779e+01     -1.956763466813438851e-02
2.906282294749249040e+00     -1.989445262811532666e+00     8.598398497301046849e-05     -1.101069502535935385e+01     7.031804499736287184e+00
2.946094380978690808e+00     1.222118514405980783e+01     2.537736060790702296e-04     1.854684183164488243e+00     2.258768610495512874e+01
2.986451838252371704e+00     3.241269854620848268e+00     1.456225290519226688e-04     -8.653792618747866427e+00     1.513633232798956030e+01
3.027362137406513831e+00     -1.142420817351972850e+01     2.338853217786734506e-04     -2.513913997563665248e+01     2.290723628597193695e+00
